Line Name	Line Synonym	Grain Yield (kg ha -1)	Plant Height (centimeter)	Heading Date (days from planting)	Lodging (percent)	Test Weight (g liter -1)	Grain Protein (kg ha -1)	Leaf Rust (0-9) (disease rating 0-9)	Stem Length (centimeter)	Check
VA05B-14	06VT-73	7849.13	78.67	104.33	30.00	609.23	13.23	2.00	74.33	0
VA05B-21	06VT-74	7832.47	80.00	102.67	33.33	580.03	13.21	2.33	75.67	0
VA05B-25	06VT-75	6872.37	71.00	105.00	23.33	593.34	13.34	3.00	66.67	0
VA05B-26	06VT-76	7167.10	79.00	103.00	53.33	626.83	12.66	1.67	74.67	0
VA05B-43	06VT-77	6367.20	72.67	103.67	13.33	602.35	13.66	2.00	67.67	0
VA05B-49	06VT-78	6851.80	66.33	105.33	16.67	606.65	13.88	3.33	62.33	0
VA05B-58	06VT-79	8497.63	74.00	105.67	0.00	606.65	13.48	3.00	70.33	0
VA05B-73	06VT-80	8532.30	75.33	110.33	6.67	610.94	11.84	2.00	71.33	0
VA05B-74	06VT-81	6989.40	78.00	103.67	30.00	617.81	12.93	4.67	74.33	0
VA05B-91	06VT-82	7565.70	82.00	104.33	23.33	604.07	13.21	3.00	78.00	0
VA05B-93	06VT-83	6449.67	70.67	103.67	0.00	606.22	14.23	2.33	66.33	0
VA05B-97	06VT-84	8542.50	75.00	104.67	33.33	628.97	12.23	3.67	71.33	0
VA05B-104	06VT-85	7710.00	73.33	104.33	53.33	624.25	12.69	5.00	69.00	0
VA05B-108	06VT-86	6724.47	77.33	103.00	10.00	586.47	12.95	2.67	72.33	0
VA05B-112	06VT-87	6409.80	79.00	102.67	10.00	575.31	13.42	2.00	74.33	0
VA05B-120	06VT-88	7624.83	79.00	101.67	33.33	608.37	12.85	1.33	73.00	0
VA05B-121	06VT-89	8049.77	78.00	103.33	13.33	608.37	13.63	1.67	73.00	0
VA05B-123	06VT-90	7865.30	66.33	102.00	40.00	604.93	13.12	2.33	62.33	0
VA05B-131	06VT-91	7172.70	76.33	107.00	6.67	624.68	12.88	2.00	72.33	0
VA05B-138	06VT-92	9221.60	89.33	104.67	20.00	588.62	12.31	1.33	84.67	0
VA05B-141	06VT-93	8629.97	82.33	103.67	13.33	621.25	13.43	1.33	78.33	0
VA05B-145	06VT-94	7159.07	80.33	103.00	63.33	625.54	12.94	1.67	76.33	0
VA05B-150	06VT-95	7455.47	78.33	102.33	43.33	632.41	13.12	1.33	73.67	0
VA05B-155	06VT-96	5813.67	73.00	102.00	40.00	614.81	13.45	2.00	68.67	0
Mean		7,473.00	76.5	103.8	25.4	589.91	13.11	2.4	72.1
Standard Error		605.66	5.1	2.0	17.4	15.02	0.66	1.0	5.1
Number Replicates		3	3	3	3	3	3	3	3
Prob > F		--	--	--	--	--	--	--	--
