LOCATION................... BOZ															
EXPERIMENT NUMBER.......... 420 															
RAW FILE................... JULY2412.MV															
PERCENT REFLECTANCE FILE... JULY2412.RFL															
CORRECTED MILLIVOLT FILE... JULY2412.CMV															
INITIAL CONFIGURATION/CALIBRATION MSR16R #420 2/6/2012 CROPSCAN	 INC.														
--------------------------------------------------------------------------------------------------------------------------------															
      DATE	     TIME	  ANG	  IRR	     PLOT	   SS	550	660	670	680	700	770	780	880	900	970
--------------------------------------------------------------------------------------------------------------------------------															
*															
 7/24/2012	 10:24:19	35.8	735	101	2	7.3	10.14	10.08	9.82	12.81	27.51	27.96	32.82	31.48	31.36
 7/24/2012	 10:24:47	35.8	715	102	2	7.44	7.35	6.96	6.76	9.81	30.12	29.75	33.11	32.8	31.75
 7/24/2012	 10:25:15	35.7	725	103	2	7.36	8.26	8.13	8.15	10.76	30.69	30.69	34.83	33.51	32.95
 7/24/2012	 10:25:39	35.7	661	104	2	7.48	8.38	8.18	7.85	10.94	29.64	29.48	33.31	32.29	31.59
 7/24/2012	 10:26:07	35.6	707	105	2	8.15	9.59	9.39	9.41	12.13	29.77	30.28	33.67	32.42	31.95
 7/24/2012	 10:26:43	35.6	721	106	2	8.83	12.49	12.52	12.67	14.95	28.12	29.11	33.42	29.99	30.82
 7/24/2012	 10:27:08	35.4	683	107	2	7.17	6.96	6.81	6.91	9.22	33.85	34.52	38.75	35.29	35.48
 7/24/2012	 10:27:31	35.4	712	108	2	8.46	11.25	11.17	11.36	13.76	28.42	28.7	33.36	32.06	32.03
 7/24/2012	 10:27:49	35.4	732	109	2	7.61	9.06	8.98	9.12	11.12	28.81	29.44	34.43	32.01	31.87
 7/24/2012	 10:28:11	35.3	728	110	2	8.72	11.62	11.45	11.5	14.52	29.37	29.65	33.77	33.08	32.88
 7/24/2012	 10:28:32	35.3	721	111	2	8.65	11.56	11.64	11.68	14.2	27.16	27.26	31.5	30.77	30.77
 7/24/2012	 10:28:53	35.3	744	112	2	7.56	10.14	10.22	10.19	12.21	24.73	25.36	29.44	27.49	27.41
 7/24/2012	 10:29:17	35.1	745	113	2	7.19	8.57	8.32	8.13	10.71	26.04	25.89	29.52	29.2	28.1
 7/24/2012	 10:29:40	35.1	711	114	2	8.09	8.68	8.42	8.03	11.28	28.76	29.04	32.31	32.03	30.32
 7/24/2012	 10:30:08	35	732	115	2	7.07	6.86	6.7	6.72	9.31	31.41	32.64	37.07	32.49	32.62
 7/24/2012	 10:30:33	35	783	116	2	7.05	7.25	7.16	7.31	9.53	27.85	27.83	31.74	30.52	29.33
 7/24/2012	 10:31:05	34.9	710	117	2	6.22	6.29	5.98	5.84	8.53	26.73	26.95	29.95	28.6	28.24
 7/24/2012	 10:31:31	34.9	743	118	2	8.65	9.35	9.05	8.91	11.64	29.35	29.62	33.73	32.05	31.08
 7/24/2012	 10:31:57	34.9	786	119	2	6.08	6.42	6.27	6.4	8.13	25.46	26.13	30.15	27.49	26.41
 7/24/2012	 10:32:18	34.7	766	120	2	6.53	8.57	8.67	8.82	10.69	24.31	24.64	28.75	27.14	27.34
 7/24/2012	 10:32:40	34.7	731	121	2	6.41	7.61	7.5	7.57	9.73	23.89	23.98	27.68	25.89	25.76
 7/24/2012	 10:32:59	34.7	712	122	2	8.34	9.82	9.5	9.49	12.41	28.71	28.94	33.11	31.81	31.41
 7/24/2012	 10:33:31	34.6	729	123	2	6.44	5.96	5.72	5.78	7.76	28.23	28.81	32.85	29.48	28.87
 7/24/2012	 10:34:02	34.5	687	124	2	6.6	7.14	6.92	6.95	9.21	28.09	28.7	33.29	30.97	30.97
 7/24/2012	 10:34:37	34.5	769	125	2	6.67	9.17	9.39	9.66	11.2	23	23.63	27.81	26.26	25.98
 7/24/2012	 10:35:03	34.3	726	126	2	5.45	6.11	6.09	6.34	8	23.02	23.4	27.71	25.58	25.22
 7/24/2012	 10:35:33	34.3	747	127	2	6.48	7.43	7.41	7.51	9.31	25.93	26.44	30.51	29.09	28.29
 7/24/2012	 10:36:04	34.2	741	128	2	6.46	7.34	7.31	7.39	9.4	26.48	26.5	30.9	29.33	28.87
 7/24/2012	 10:36:32	34.2	737	129	2	7.07	9.43	9.52	9.75	11.42	25.77	26.27	30.79	29.57	29.28
 7/24/2012	 10:36:54	34.2	754	130	2	6.45	8.65	8.71	8.94	10.28	22.04	22.73	26.82	25.05	24.81
 7/24/2012	 10:37:21	34.1	768	131	2	6.18	7.67	7.59	7.62	9.57	24.52	25.22	29.71	28.47	27.92
 7/24/2012	 10:37:45	34.1	755	132	2	7.32	8.48	8.24	8.25	10.75	25.85	25.99	29.52	28.27	27.7
 7/24/2012	 10:38:19	33.9	745	133	2	5.48	6.45	6.4	6.49	8.05	21.99	22.04	25.71	25.01	24.39
 7/24/2012	 10:38:44	33.9	781	134	2	7.08	7.13	6.87	6.97	9.63	28.42	28.33	31.65	30.87	29.57
 7/24/2012	 10:39:08	33.8	763	135	2	6.96	7.88	7.74	7.81	10.23	29.32	29.25	33.1	32.2	31.25
 7/24/2012	 10:39:29	33.8	774	136	2	6.5	6.82	6.58	6.71	8.98	27	27.29	30.69	29.13	28.03
 7/24/2012	 10:39:50	33.8	769	137	2	6.4	7.67	7.55	7.65	9.72	25.49	25.67	30.01	29.55	28.7
 7/24/2012	 10:40:12	33.7	773	138	2	6.7	8	7.79	7.8	10.76	28.83	28.87	32.84	33.4	31.79
 7/24/2012	 10:40:35	33.7	731	139	2	6.29	7.05	7.08	7.34	8.98	26.89	27.31	31.68	29.85	28.93
 7/24/2012	 10:40:59	33.7	769	140	2	7.99	8.46	8.23	8.17	10.68	28.75	28.48	31.58	31.22	29.75
 7/24/2012	 10:41:27	33.5	757	141	2	5.79	5.36	5.03	4.96	7.5	27.82	28.21	32.01	30.61	29.13
 7/24/2012	 10:41:47	33.5	799	142	2	6.23	8.24	8.18	8.25	9.92	22.81	23.34	27.35	26.42	25.74
 7/24/2012	 10:42:18	33.4	758	143	2	6.12	6.5	6.28	6.37	8.71	26.41	26.49	30.37	31.19	29.25
 7/24/2012	 10:42:41	33.4	777	144	2	9.83	14.26	14.34	14.4	17.4	29.57	29.68	34.25	32.79	32.43
 7/24/2012	 10:43:10	33.3	742	145	2	7.27	8.49	8.36	8.38	10.96	28.54	28.63	32.69	32.33	31.55
 7/24/2012	 10:43:31	33.3	785	146	2	6.1	8.05	8.09	8.27	10.19	25.05	25.39	30.28	30.17	28.97
 7/24/2012	 10:43:54	33.3	799	147	2	7.11	9.62	9.64	9.86	11.55	25.55	26.21	31.23	29.56	29.17
 7/24/2012	 10:44:20	33.2	772	148	2	6.74	8.15	8.15	8.22	10.14	27.25	27.71	32.68	31.56	30.76
 7/24/2012	 10:44:42	33.2	755	149	2	6.41	7.82	7.89	8.04	9.58	25.13	25.55	29.8	28.36	27.86
 7/24/2012	 10:45:14	33	789	150	2	6.9	8.38	8.33	8.45	10.39	25.98	26.47	30.91	29.48	29.03
 7/24/2012	 10:45:40	33	775	151	2	7.54	7.9	7.58	7.48	10.34	29.64	29.7	33.38	30.69	29.99
 7/24/2012	 10:46:02	32.9	751	152	2	6.81	7.42	7.11	7.08	9.65	28.16	28.49	32.66	30.78	30.31
 7/24/2012	 10:46:27	32.9	778	153	2	7.44	10.1	10.11	10.12	12.55	25.85	26.22	30	29.24	28.9
 7/24/2012	 10:46:50	32.9	762	154	2	7.85	10.09	10.11	10.23	12.51	27.11	27.63	32.14	30.78	30.44
 7/24/2012	 10:47:14	32.8	765	155	2	6.62	7.8	7.77	7.95	10.03	25.34	25.35	28.98	28.53	28.03
 7/24/2012	 10:47:35	32.8	798	156	2	6.51	7.6	7.37	7.39	10.02	25.95	25.8	29.72	27.92	27.24
 7/24/2012	 10:51:51	32.3	824	201	2	6.22	7.48	7.33	7.47	9.53	23.22	23.4	27.31	27.61	26.37
 7/24/2012	 10:52:10	32.2	789	202	2	6.38	7.3	7.28	7.41	9.46	28.21	29.18	33.76	31.42	31.07
 7/24/2012	 10:52:32	32.2	814	203	2	7.55	9.7	9.63	9.76	11.96	27.68	27.69	32.63	31.62	31.16
 7/24/2012	 10:52:54	32.2	759	204	2	6.66	7.01	7.05	7.14	8.7	33.52	33.89	38.82	37.87	36.25
 7/24/2012	 10:53:13	32	795	205	2	7.1	8.05	7.87	7.89	10.12	28.51	28.6	32.89	32.16	30.76
 7/24/2012	 10:53:33	32	803	206	2	7.07	7.02	6.82	6.86	9.24	29.39	29.82	34.46	32.95	32.19
 7/24/2012	 10:53:54	32	798	207	2	7.85	9.74	9.74	9.94	11.99	28.31	28.88	33.69	32.42	31.71
 7/24/2012	 10:54:20	31.9	800	208	2	6.66	7.79	7.77	7.9	10.17	26.37	26.96	31.17	29.42	28.85
 7/24/2012	 10:54:43	31.9	829	209	2	6.33	8.07	8.06	8.21	10.35	26.11	26.8	31.96	30.43	29.83
 7/24/2012	 10:55:15	31.8	814	210	2	6.71	7.4	7.15	7.22	9.71	26.3	26.53	30.72	29.75	28.72
 7/24/2012	 10:55:39	31.8	793	211	2	7.08	7.68	7.53	7.63	10.11	28.1	28.39	32.92	31.27	30.43
 7/24/2012	 10:56:00	31.7	810	212	2	6.17	6.46	6.38	6.45	8.23	26.78	27.34	31.14	29.73	28.36
 7/24/2012	 10:56:23	31.7	799	213	2	5.78	6.6	6.57	6.74	8.26	26.75	27.62	32.4	29.2	28.7
 7/24/2012	 10:56:44	31.7	805	214	2	5.37	6.02	5.97	6	7.83	24.66	24.82	28.87	28.05	26.9
 7/24/2012	 10:57:11	31.6	811	215	2	6.54	6.35	6.28	6.29	8.43	29.59	30.19	33.92	32.14	30.72
 7/24/2012	 10:57:34	31.6	792	216	2	5.73	5.57	5.46	5.53	7.23	31.73	32.21	36.91	35.32	33.64
 7/24/2012	 10:57:57	31.6	806	217	2	7.18	7.33	7.1	7.17	9.65	30.77	31.17	35.36	33.45	31.92
 7/24/2012	 10:58:22	31.5	805	218	2	7.02	7.4	7.28	7.3	9.22	29.41	29.92	34.38	32.74	31.47
 7/24/2012	 10:58:47	31.5	789	219	2	7.44	8.75	8.69	8.84	10.85	27.53	28.37	33.32	30.41	30.69
 7/24/2012	 10:59:08	31.3	800	220	2	6.51	8.4	8.35	8.51	10.45	24.99	25.56	30.97	29.18	28.95
 7/24/2012	 10:59:29	31.3	793	221	2	7.4	8.95	8.84	8.93	11.25	26.72	27.31	32.33	30.59	30.01
 7/24/2012	 10:59:51	31.3	805	222	2	6.45	7.15	6.99	7.1	9.26	27.38	27.77	32.88	31.09	30.87
 7/24/2012	 11:00:16	31.2	792	223	2	6.32	7.52	7.52	7.67	9.26	24.32	24.79	29.32	28.01	27.75
 7/24/2012	 11:00:43	31.2	803	224	2	6.78	8.45	8.45	8.67	10.3	23.9	24.41	29.32	27.85	27.79
 7/24/2012	 11:01:05	31.1	817	225	2	7.08	8.06	7.96	8.02	10.33	27.72	28	32.2	31.15	30.32
 7/24/2012	 11:01:25	31.1	797	226	2	7.14	9.79	9.81	9.94	11.83	23.83	24.09	28.6	27.72	27.44
 7/24/2012	 11:01:42	31.1	808	227	2	7.77	8.42	8.14	8.03	10.65	28.36	28.82	33.08	31.67	31.03
 7/24/2012	 11:02:03	31	809	228	2	6.21	8.82	8.83	8.98	10.96	24.84	25.27	30.18	29.6	28.71
 7/24/2012	 11:02:31	31	840	229	2	6.99	8.8	8.76	8.85	10.84	26.36	27.07	31.31	30.25	29.8
 7/24/2012	 11:03:45	30.9	800	230	2	8	10.53	10.47	10.68	13.27	28.02	28.34	33.11	32.24	31.96
 7/24/2012	 11:04:11	30.8	808	231	2	7.7	8.8	8.76	8.91	11.27	30.45	31.41	36.18	33.2	32.72
 7/24/2012	 11:04:35	30.8	766	232	2	8.07	9.24	9.13	9.23	11.66	29.25	29.97	34.48	32.61	31.57
 7/24/2012	 11:05:10	30.7	812	233	2	6.79	7.8	7.69	7.86	9.92	28.19	28.6	32.9	30.75	30.59
 7/24/2012	 11:05:34	30.7	835	234	2	7.01	9.49	9.48	9.74	11.31	23.58	24.17	28.62	27.39	27.12
 7/24/2012	 11:06:00	30.6	820	235	2	6.52	6.24	5.99	5.95	8.38	31.69	31.9	36.2	35.34	33.47
 7/24/2012	 11:06:26	30.6	819	236	2	7.1	8.52	8.53	8.64	10.74	27.46	28.38	32.83	29.96	29.71
 7/24/2012	 11:06:55	30.6	811	237	2	7.04	7.48	7.32	7.38	9.71	29.95	30.44	35.22	33.25	32.12
 7/24/2012	 11:07:19	30.4	836	238	2	6.64	7.86	7.81	7.9	10.19	25.3	25.9	30.35	28.39	27.46
 7/24/2012	 11:07:41	30.4	816	239	2	5.91	5.34	5.17	5.2	7.35	30.11	30.48	34.3	34.04	31.75
 7/24/2012	 11:08:04	30.3	761	240	2	7.07	7.73	7.79	7.91	9.61	29.82	30.44	35.07	33.46	32.57
 7/24/2012	 11:08:26	30.3	832	241	2	6.35	6.73	6.56	6.59	8.64	27.97	28.5	32.64	32.09	30.45
 7/24/2012	 11:08:48	30.3	844	242	2	6.15	6.05	5.97	6.08	7.82	29.36	30.5	34.76	31.8	30.63
 7/24/2012	 11:09:21	30.2	827	243	2	5.34	5.83	5.87	5.95	7.47	23.64	24.38	28.62	27.02	25.99
 7/24/2012	 11:09:42	30.2	831	244	2	6.81	6.49	6.25	6.22	8.51	32.08	32.48	37.24	35.12	33.2
 7/24/2012	 11:10:03	30.1	811	245	2	7.78	8.74	8.36	8.27	11.25	26.56	26.35	29.71	29.31	28.52
 7/24/2012	 11:10:27	30.1	879	246	2	5.19	5.86	5.73	5.74	7.61	24.87	25.68	29.85	28.84	27.5
 7/24/2012	 11:10:46	30.1	821	247	2	6.68	8.05	7.94	7.97	10.37	28.27	29.18	33.55	30.93	30.01
 7/24/2012	 11:11:11	30	844	248	2	6.66	7.47	7.52	7.58	9.27	26.12	26.45	30.48	28.63	27.69
 7/24/2012	 11:11:33	30	836	249	2	7.29	9.53	9.4	9.43	11.74	25.17	25.35	29.77	29.25	28.42
 7/24/2012	 11:11:51	30	798	250	2	6.2	7.31	7.37	7.42	8.81	24.81	25.53	30.26	28.48	27.92
 7/24/2012	 11:12:12	29.9	811	251	2	7.14	7.92	7.63	7.61	10.55	30.36	31.3	36.63	34.46	33.57
 7/24/2012	 11:12:34	29.9	841	252	2	6.58	8.27	8.34	8.45	10.25	24.99	25.48	30.42	28.8	28.32
 7/24/2012	 11:12:51	29.9	814	253	2	8.45	11.12	11.01	11	13.56	26.29	26.85	30.99	29.6	29.26
 7/24/2012	 11:13:13	29.8	785	254	2	6.04	6.19	6.12	6.3	8.02	30.88	31.18	36.04	34.81	34.01
 7/24/2012	 11:13:44	29.8	838	255	2	6.87	8.73	8.66	8.6	10.68	24.11	24.22	28.68	28.64	28.36
 7/24/2012	 11:14:10	29.7	849	256	2	7.93	9.99	9.76	9.81	12.39	26.69	26.55	30.44	30.24	29.63
 7/24/2012	 11:15:30	29.6	827	301	2	8.23	10.71	10.47	10.6	13.17	30.08	31.21	36.7	34.33	33.25
 7/24/2012	 11:15:58	29.6	826	302	2	6.66	7.61	7.49	7.73	9.47	26.13	26.9	30.91	30.15	29.04
 7/24/2012	 11:16:25	29.5	831	303	2	8.72	9.19	8.48	8.52	11.31	31.52	32.31	36.01	32	31.01
 7/24/2012	 11:16:52	29.5	822	304	2	6.83	7.23	7.19	7.5	9.21	30.32	31.82	37.3	32.4	31.09
 7/24/2012	 11:17:32	29.4	834	305	2	8.06	9.46	9.53	9.76	11.04	31.44	31.89	36.62	35.41	33.36
 7/24/2012	 11:18:02	29.3	846	306	2	7.11	8.45	8.39	8.52	10.33	27.47	28	32.28	31.02	29.9
 7/24/2012	 11:18:32	29.3	849	307	2	9.16	11.21	11.09	11.25	13.86	31.44	32.33	37.34	35	34.17
 7/24/2012	 11:19:08	29.2	846	308	2	6.36	7.36	7.34	7.6	9.06	26.71	27.7	32.46	30.72	29.5
 7/24/2012	 11:19:41	29.2	777	309	2	7.69	9.59	9.7	10.12	11.96	28.81	29.1	33.42	33.01	31.8
 7/24/2012	 11:20:15	29.1	866	310	2	7.31	6.67	6.27	6.27	9.06	32.73	33.58	37.36	33.46	31.97
 7/24/2012	 11:20:55	29.1	850	311	2	6.6	5.22	5.01	4.94	7.69	32.06	32.84	36.56	35.46	33.19
 7/24/2012	 11:21:26	29.1	858	312	2	7.03	5.95	5.61	5.57	8.14	32.64	32.18	35.32	35.59	32.24
 7/24/2012	 11:22:02	29	867	313	2	7.27	7.4	7.16	7.18	9.71	30.18	30.5	34.29	33.78	31.51
 7/24/2012	 11:22:40	29	853	314	2	6.62	5.03	4.58	4.52	7.14	32.19	33.59	37.47	33.51	30.86
 7/24/2012	 11:23:37	28.9	852	315	2	6.58	6.67	6.48	6.54	8.68	27.05	27.1	30.62	29.17	27.73
 7/24/2012	 11:24:14	28.8	850	316	2	7.32	7.43	7.29	7.39	9.47	30.74	31.14	35.6	34.84	32.98
 7/24/2012	 11:24:46	28.8	820	317	2	7.62	7.68	7.51	7.64	10.03	32.76	32.8	36.72	36.11	34.03
 7/24/2012	 11:25:20	28.7	863	318	2	6.54	6.67	6.63	6.73	8.93	32.16	32.74	36.54	34.29	33.1
 7/24/2012	 11:26:14	28.6	814	319	2	7.32	8.54	8.34	8.31	10.8	28.55	29.06	32.86	32.25	30.07
 7/24/2012	 11:26:52	28.6	813	320	2	7.52	8.12	8.14	8.27	10.24	30.51	30.83	34.75	32.39	30.98
 7/24/2012	 11:27:45	28.5	852	321	2	8.06	10.18	10.14	10.47	13.68	29.93	29.85	34.2	34.91	32.56
 7/24/2012	 11:28:23	28.4	814	322	2	8.25	7.93	7.45	6.83	10.7	34.2	34.8	39.01	37.4	35.32
 7/24/2012	 11:28:56	28.4	832	323	2	6.82	6.11	5.94	5.68	8.67	36.37	36.97	41.42	40.14	37.94
 7/24/2012	 11:29:37	28.4	857	324	2	7.19	7.25	7.27	7.43	8.95	31.01	31.82	35.98	34.35	32.78
 7/24/2012	 11:30:15	28.3	808	325	2	8.07	10.45	10.7	10.57	11.93	30.57	31.13	36	34.21	32.93
 7/24/2012	 11:30:53	28.3	830	326	2	8.07	9.7	9.64	9.64	12.28	31.61	32.05	37.06	36.53	35.1
 7/24/2012	 11:31:29	28.2	845	327	2	8.76	10.7	10.55	10.37	12.64	30.11	30.66	35.55	34.48	33.77
 7/24/2012	 11:32:07	28.1	842	328	2	6.4	6.95	6.8	6.76	8.76	25.89	26.67	31.33	30.38	28.96
 7/24/2012	 11:33:23	28	829	329	2	9.7	12.57	12.61	12.45	14.62	28.93	29.7	33.99	31.56	31.14
 7/24/2012	 11:34:06	28	854	330	2	8.2	10.41	10.45	9.47	12.16	27.94	28.8	34.07	30.74	30.47
 7/24/2012	 11:44:25	27.3	900	331	2	6.53	8.18	8.13	8.21	10.18	26.23	26.57	30.7	29.7	28.48
 7/24/2012	 11:45:06	27.2	850	332	2	7.1	6.64	6.22	5.37	9.05	33.76	34.45	38.06	36.51	34.49
 7/24/2012	 11:45:42	27.2	897	333	2	9.34	12.69	12.45	10.9	15.15	26.91	27.07	29.95	29.82	28.97
 7/24/2012	 11:46:18	27.1	859	334	2	7.33	7.52	6.91	5.96	9.69	27.82	27.21	30.28	30.11	27.86
 7/24/2012	 11:46:56	27.1	908	335	2	7.64	8.34	7.93	7.39	10.99	30.92	31.71	35.01	32.86	31
 7/24/2012	 11:47:37	27.1	855	336	2	7.01	7.57	7.32	7.28	9.76	32.04	32.88	37.13	35.45	33.36
 7/24/2012	 11:48:24	27	875	337	2	6.31	6.35	6.16	6.16	8.11	28.67	29.72	34.05	31.68	30.02
 7/24/2012	 11:48:59	27	861	338	2	5.8	5.43	5.27	5.4	7.43	32.23	33.69	38.25	35.28	33.75
 7/24/2012	 11:49:42	27	836	339	2	8.76	11.58	11.39	11.44	14.09	28.53	28.41	32.84	33.61	32.18
 7/24/2012	 11:50:19	26.9	846	340	2	6.92	6.47	6.17	6.34	8.65	31.96	32.29	35.34	35.35	32.9
 7/24/2012	 11:51:00	26.9	838	341	2	6.3	6.24	5.99	5.88	8.14	30.93	31.7	35.97	35.46	33.03
 7/24/2012	 11:51:38	26.9	849	342	2	7.58	9.14	9.26	9.54	10.56	25.38	25.73	29.54	28.35	26.77
 7/24/2012	 11:52:11	26.8	853	343	2	6.99	6.69	6.72	6.87	8.97	31	30.8	33.79	34.36	31.95
 7/24/2012	 11:52:47	26.8	847	344	2	8.3	8.76	8.58	8.8	11.25	30.89	29.9	33.16	34.83	32.41
 7/24/2012	 11:53:24	26.8	892	345	2	6.94	8.48	8.96	9.32	9.92	29.72	31.04	35.76	30.94	30.16
 7/24/2012	 11:54:09	26.7	803	346	2	7.85	9.15	9.2	8.88	10.82	34.35	35.57	40.82	37.86	36.99
 7/24/2012	 11:54:47	26.7	856	347	2	6.81	8.43	8.9	9.21	10.75	30.07	31.24	36.59	34.95	34.02
 7/24/2012	 11:55:33	26.7	873	348	2	7.33	9.88	9.91	9.07	11.97	26.4	27	31.94	29.54	29.05
 7/24/2012	 11:56:12	26.6	850	349	2	7.13	7.24	7.19	6.87	8.69	32.81	33.31	37.98	34.31	32.6
 7/24/2012	 11:56:47	26.6	862	350	2	7.33	8.33	8.35	8.01	10.54	30.42	31.33	35.84	34.04	32.27
 7/24/2012	 11:57:30	26.6	911	351	2	7.65	7.43	7.52	7.54	8.38	28.57	28.81	32.19	29.18	28.54
 7/24/2012	 11:58:04	26.5	857	352	2	8.3	7.77	7.57	7.91	10.05	31.89	31.91	35	33.1	31.62
 7/24/2012	 11:58:40	26.5	854	353	2	7.1	7.13	6.91	6.99	9.35	31.64	32.53	36.77	35.51	33.27
 7/24/2012	 11:59:26	26.5	885	354	2	7.76	9.5	9.19	9.17	11.59	27.92	28.66	32.8	30.95	30.35
 7/24/2012	 12:00:11	26.5	866	355	2	7.48	7.85	7.59	7.68	10.25	29.05	29.29	32.94	32.72	30.71
 7/24/2012	 12:01:15	26.4	864	356	2	7.68	9.63	9.56	10.78	11.35	26.15	26.26	30.43	29.67	28.7
 7/24/2012	 12:02:20	26.4	912	401	2	5.22	6.22	5.9	5.85	7.52	18.05	17.86	20.49	20.25	19.61
 7/24/2012	 12:02:41	26.4	909	402	2	5.55	5.9	5.63	5.56	7.18	19.52	19.25	21.62	22.07	20.68
 7/24/2012	 12:03:04	26.3	914	403	2	5.76	5.74	5.58	5.6	7.14	24.2	24.2	27.51	27.37	25.62
 7/24/2012	 12:03:25	26.3	921	404	2	6.19	5.88	5.61	5.57	7.58	25.05	25.14	28.08	26.97	25.31
 7/24/2012	 12:03:56	26.3	908	405	2	5.25	6	5.73	5.69	7.58	20.66	20.77	23.84	23	22.18
 7/24/2012	 12:04:20	26.3	923	406	2	5.43	6.27	6.12	6.16	7.94	20.6	21.48	24.1	22.71	21.99
 7/24/2012	 12:04:44	26.3	891	407	2	4.63	4.87	4.65	4.66	6.09	22.02	22.05	25.24	24.98	23.44
 7/24/2012	 12:05:09	26.3	880	408	2	4.84	5.18	4.68	4.43	6.47	19.31	18.76	21.05	22.36	20.38
 7/24/2012	 12:05:31	26.3	928	409	2	7.04	8.34	7.99	7.98	10.07	23.33	23.46	26.61	25.31	24.03
 7/24/2012	 12:05:52	26.3	911	410	2	6.19	6.69	6.06	5.82	8.55	22.8	22.2	24.69	24.71	22.72
 7/24/2012	 12:06:15	26.3	924	411	2	5.72	5.15	4.49	4.32	7.14	23.07	22.48	24.59	25.95	23.83
 7/24/2012	 12:06:36	26.3	915	412	2	5.76	6.11	5.84	5.82	7.72	25.22	25.86	29.38	28.73	26.87
 7/24/2012	 12:07:00	26.2	926	413	2	5.26	5.76	5.54	5.58	7.23	21.59	21.53	24.89	24.38	23.1
 7/24/2012	 12:07:22	26.2	932	414	2	5.39	5.78	5.55	5.54	7.01	20.6	20.42	22.87	23.85	22.14
 7/24/2012	 12:07:46	26.2	920	415	2	4.18	4.85	4.7	4.7	6.01	17.04	17.11	19.96	20.54	18.97
 7/24/2012	 12:08:11	26.2	947	416	2	5.99	7.2	6.83	6.9	8.83	21.44	21.07	24.18	23.97	23.02
 7/24/2012	 12:08:51	26.2	959	417	2	6.08	6.12	5.72	5.67	7.82	23.07	23.06	25.88	25.57	24.17
 7/24/2012	 12:09:11	26.2	918	418	2	5.37	5.68	5.4	5.3	7.06	21.46	21.54	24.35	23.5	22.09
 7/24/2012	 12:09:41	26.2	924	419	2	5.8	5.59	5.28	5.31	7.12	22.62	21.98	24.3	24.58	23.23
 7/24/2012	 12:10:08	26.2	911	420	2	3.73	4.9	6.89	7.03	5.17	18.91	27.92	34.8	19.01	21.43
 7/24/2012	 12:10:38	26.2	943	421	2	5.2	5.63	5.4	5.4	6.88	20.96	21.18	24.03	23.13	21.84
 7/24/2012	 12:10:59	26.2	914	422	2	4.04	4	3.63	3.58	5.32	17.25	16.76	19.22	20.34	18.32
 7/24/2012	 12:11:21	26.1	900	423	2	2.67	2.76	2.61	2.59	3.2	14.29	14.06	16.23	17.52	15.38
 7/24/2012	 12:11:43	26.1	893	424	2	3.98	5.01	4.69	4.65	5.83	14.87	14.46	17.1	18.09	16.69
 7/24/2012	 12:12:16	26.1	805	425	2	3.21	4.38	4.76	5.62	5.15	12.97	12.75	15.39	16.01	14.88
 7/24/2012	 12:12:35	26.1	912	426	2	5.97	6.56	6.1	6.04	8.09	20.54	20.08	23.06	23.29	22.06
 7/24/2012	 12:12:56	26.1	946	427	2	5.08	5.59	5.27	5.19	7.26	18.56	18.43	20.97	21.25	19.93
 7/24/2012	 12:13:23	26.1	922	428	2	5.68	6.09	5.76	5.72	7.54	20.49	20.45	23.34	23.02	21.8
 7/24/2012	 12:14:00	26.1	865	429	2	6.59	9.53	9.5	9.6	11.58	24.51	25.24	30.05	30.69	29.89
 7/24/2012	 12:14:21	26.1	882	430	2	6.17	8.77	8.73	8.76	11.03	23.45	23.99	28.73	29.23	28.63
 7/24/2012	 12:14:47	26.1	890	431	2	7.18	9.61	9.58	9.73	11.64	25.88	26.84	31.39	31.13	29.84
 7/24/2012	 12:15:07	26.1	877	432	2	6.78	9.47	9.38	9.34	12.16	25.73	26.03	30.72	31.99	30.5
 7/24/2012	 12:15:29	26.1	919	433	2	7.07	8.48	8.36	8.36	10.77	24.82	25.19	28.91	29.73	28.25
 7/24/2012	 12:15:50	26.1	918	434	2	6.14	5.94	5.61	5.56	8.31	29.98	29.92	33.39	34.37	31.83
 7/24/2012	 12:16:14	26	905	435	2	6.22	8.15	8.24	8.25	9.7	22.88	23.41	27.51	28.4	27.11
 7/24/2012	 12:16:50	26	920	436	2	6.47	7.52	7.36	7.26	9.23	27.35	27.88	31.56	32.62	30.59
 7/24/2012	 12:17:10	26	914	437	2	7.52	9.46	9.33	9.32	11.66	26.76	27.79	32.16	31.26	30.27
 7/24/2012	 12:18:00	26	916	438	2	6.41	8.26	8.16	8.24	10.26	24.67	25.26	29.68	30.37	29.18
 7/24/2012	 12:18:24	26	897	439	2	7.1	8.31	8.01	7.86	10.93	28.28	28.52	32.22	34.34	32.66
 7/24/2012	 12:18:43	26	888	440	2	7.55	9.36	9.17	9.17	11.89	27.22	27.14	31.37	33.49	31.78
 7/24/2012	 12:19:06	26	927	441	2	6.67	8.56	8.71	8.9	10.55	23.6	23.91	28.12	28.92	28.2
 7/24/2012	 12:19:29	26	899	442	2	6.08	7.21	6.97	7.03	9.4	25.58	26.09	30.54	31.16	29.62
 7/24/2012	 12:20:04	26	919	443	2	6.81	7.81	7.65	7.71	9.77	25.9	26.51	30.88	30.87	29.51
 7/24/2012	 12:20:24	26	924	444	2	7.12	8.72	8.56	8.61	10.93	26.83	27.19	31.45	32.49	31.23
 7/24/2012	 12:20:45	26	930	445	2	7.11	8.99	8.9	8.93	11.07	25.76	26.07	30.31	30.71	30.11
 7/24/2012	 12:21:05	26	896	446	2	7.7	11.19	11.23	11.18	13.73	26.72	27.2	31.86	33.18	32.13
 7/24/2012	 12:21:31	26	904	447	2	7.28	10.8	10.88	11.09	13.44	24.51	24.99	29.46	30.55	29.85
 7/24/2012	 12:21:53	26	896	448	2	7.35	9.28	9.29	9.59	12.08	27.64	27.99	31.9	32.98	31.4
 7/24/2012	 12:22:30	26	921	449	2	6.81	8.74	8.71	8.8	10.76	25.45	25.97	30.09	30.5	29.3
 7/24/2012	 12:22:52	26	902	450	2	7.62	9.59	9.4	9.44	12.47	28.71	29.33	33.83	34.51	33.28
 7/24/2012	 12:23:28	26	882	451	2	6.14	7.12	7.21	7.29	9.24	26.38	27.17	31.18	31.64	29.69
 7/24/2012	 12:23:52	26	946	452	2	7.37	8.43	8.31	8.37	10.29	25.54	25.91	28.62	29.95	28
 7/24/2012	 12:24:18	26	928	453	2	7.72	9.84	9.73	9.81	12.55	28.95	29.36	33.61	34.68	32.97
 7/24/2012	 12:24:38	26	917	454	2	6.59	7.92	7.84	7.97	9.83	26.24	26.53	30.49	31.57	29.92
 7/24/2012	 12:25:01	26	924	455	2	6.27	7.9	7.95	8.08	9.9	23.88	24.57	29.01	29.01	28.06
 7/24/2012	 12:25:24	26	894	456	2	6.41	7.05	6.9	6.93	9.29	27.87	28.45	32.33	32.68	30.67
 7/24/2012	 12:28:28	26	922	501	2	6.55	8.47	8.58	8.86	10.05	21.6	22.36	25.82	25.06	24.42
 7/24/2012	 12:30:00	26	934	502	2	6.36	7.9	7.86	8.16	9.43	21.75	22.62	26.55	24.99	24.32
 7/24/2012	 12:30:55	26	939	503	2	7.24	8.9	8.78	8.85	10.54	22.93	23.51	27.32	26.2	25.61
 7/24/2012	 12:31:49	26	960	504	2	6.93	7.91	7.77	7.8	10.32	25.68	25.95	29.32	30.65	29.11
 7/24/2012	 12:32:20	26	942	505	2	6.99	8.39	8.3	8.5	10.58	25.36	25.64	29.52	31.38	29.38
 7/24/2012	 12:32:54	26	928	506	2	6.28	6.74	6.58	6.63	8.69	26.26	26.58	30.12	31.05	28.79
 7/24/2012	 12:33:49	26.1	921	507	2	7.1	9.62	9.7	9.82	12.07	26.28	26.89	31.65	32.59	31.37
 7/24/2012	 12:34:21	26.1	919	508	2	7.59	9.68	9.46	9.46	12	25.07	25.6	30.14	29.92	29.17
 7/24/2012	 12:34:56	26.1	921	509	2	6.46	7.81	7.23	7.43	10.7	26.4	24.15	27.14	32.53	30.36
 7/24/2012	 12:35:29	26.1	969	510	2	7.85	9.01	8.57	8.52	11.85	28.28	27.76	30.92	34.05	31.89
 7/24/2012	 12:36:05	26.1	928	511	2	6.74	7.45	7.19	7.21	9.67	29.56	30.06	33.16	35.01	32.44
 7/24/2012	 12:36:44	26.1	945	512	2	6.39	7.08	6.97	7.05	9.41	27.1	27.73	31.95	32.56	30.89
 7/24/2012	 12:37:36	26.1	1001	513	2	7.77	8.62	8.61	8.85	11.1	29.1	28.98	32.04	35.87	32.68
 7/24/2012	 12:38:07	26.2	940	514	2	6.12	6.38	6.23	6.23	8.15	26.33	27.28	30.93	31.43	29.47
 7/24/2012	 12:38:55	26.2	944	515	2	7	7.16	6.87	6.74	9.71	29.88	30.21	33.8	34.75	32.82
 7/24/2012	 12:39:35	26.2	933	516	2	7.44	7.89	7.79	7.7	10.16	29.47	30.09	33.46	33.17	31.33
 7/24/2012	 12:40:24	26.2	914	517	2	6.51	7.08	6.86	6.85	9.48	28.71	29.35	32.97	33.14	31.05
 7/24/2012	 12:40:57	26.2	978	518	2	8.1	9.8	9.71	9.78	12.72	25.11	24.73	27.08	30.88	28.71
 7/24/2012	 12:41:32	26.2	952	519	2	7.86	9.61	9.3	9.22	12.18	26.52	26.91	30.29	31	29.68
 7/24/2012	 12:42:04	26.3	981	520	2	8.5	9.39	8.94	8.89	12.67	26.86	26.81	29.41	31.73	30.12
 7/24/2012	 12:42:32	26.3	972	521	2	6.55	7.47	7.44	7.36	9.21	26.55	26.68	29.67	32.44	30.13
 7/24/2012	 12:43:04	26.3	943	522	2	7.58	8.65	8.42	8.34	10.98	28.19	28.67	32.15	33.16	31.59
 7/24/2012	 12:43:33	26.3	1008	523	2	7.47	8.09	7.78	7.71	10.9	26.85	26.8	29.34	31.96	30.3
 7/24/2012	 12:44:11	26.3	953	524	2	8.65	10.82	10.62	10.23	13.63	27.47	27.18	30.13	32.41	30.91
 7/24/2012	 12:44:47	26.3	941	525	2	8.63	10.86	10.66	10.41	14.39	27.16	27.8	31.33	33.35	31.39
 7/24/2012	 12:45:17	26.3	957	526	2	7.34	9.01	8.89	9.01	11.22	25.5	25.49	28.92	31.21	29.59
 7/24/2012	 12:45:56	26.3	923	527	2	6.31	6.93	7	7.11	8.85	26.49	27.01	30.14	31.26	29.2
 7/24/2012	 12:46:36	26.4	999	528	2	7.29	9.01	8.96	8.88	10.82	25.54	25.52	28.21	32.76	30.04
 7/24/2012	 12:47:19	26.4	958	529	2	7.07	8.76	8.77	8.91	10.68	25.64	26.01	29.46	30.96	29.45
 7/24/2012	 12:48:12	26.5	957	530	2	7.69	8.78	8.63	8.69	11.05	25.29	25.55	28.89	31.08	29.84
 7/24/2012	 12:48:49	26.5	929	531	2	6.97	8.42	8.44	8.41	10.51	27.44	28.2	31.49	33.72	31.67
 7/24/2012	 12:49:25	26.5	962	532	2	8.68	10.26	9.7	9.29	13.19	27.76	27.94	31.36	33.39	32.03
 7/24/2012	 12:50:07	26.5	977	533	2	7.16	7.7	7.5	7.6	9.81	28.75	28.24	30.63	34.09	31.27
 7/24/2012	 12:50:39	26.5	961	534	2	8.3	9.98	9.73	9.85	13.16	26.39	26.54	29.41	31.98	30.25
 7/24/2012	 12:51:11	26.6	929	535	2	8.59	10.64	10.45	10.46	13.15	28.07	28.39	31.57	31.99	30.78
 7/24/2012	 12:51:45	26.6	917	536	2	7.24	8.35	7.9	7.73	10.74	26.07	26.06	29.06	32.17	29.71
 7/24/2012	 12:52:17	26.6	961	537	2	8.5	10.77	10.54	10.64	13.43	24.55	24	26.58	30.66	28.76
 7/24/2012	 12:52:49	26.6	970	538	2	7.2	9.51	9.63	9.75	11.33	22.89	23.59	26.82	28.35	27.09
 7/24/2012	 12:53:19	26.7	979	539	2	8.02	10.8	10.7	10.68	13.17	23.21	23.68	26.72	30.07	28.69
 7/24/2012	 12:53:49	26.7	984	540	2	7.21	8.09	7.96	8.01	10.12	25.61	25.93	28.54	31.35	29.03
 7/24/2012	 12:54:22	26.7	974	541	2	6.25	6.05	5.64	5.7	7.97	29.19	29.09	30.66	34.3	30.39
 7/24/2012	 12:54:52	26.7	995	542	2	6.73	6.9	6.7	6.76	8.96	27.88	28.07	30.24	32.96	30.44
 7/24/2012	 12:55:30	26.8	937	543	2	8.1	9.93	9.92	9.96	12.24	28.43	28.61	31.92	33.91	32.22
 7/24/2012	 12:56:02	26.8	1000	544	2	8.29	10.21	10	10.03	12.66	25.95	25.01	27.11	32.46	29.8
 7/24/2012	 12:56:36	26.8	992	545	2	9.42	11.23	10.84	10.69	14.26	27.71	27.36	29.69	32.77	31.07
 7/24/2012	 12:57:09	26.9	964	546	2	8.16	9.2	8.97	8.99	12.37	27.48	26.69	28.91	33.58	30.23
 7/24/2012	 12:57:38	26.9	1005	547	2	8.68	10.62	10.25	10.22	13.34	25.94	26.43	29.88	31.2	30.07
 7/24/2012	 12:58:19	26.9	994	548	2	8.78	10.74	10.27	9.93	13.23	26.05	26.27	28.8	30.79	29.97
 7/24/2012	 12:58:52	26.9	988	549	2	8.3	10.36	10.1	10.06	12.67	24.65	24.93	27.82	30.1	28.77
 7/24/2012	 12:59:28	27	1013	550	2	8.98	11.69	11.59	11.81	14.13	26.11	26.36	29.27	32.26	30.72
 7/24/2012	 13:00:01	27	954	551	2	8.69	11.19	11.04	11.02	13.84	25.99	26.34	29.72	31.45	30.64
 7/24/2012	 13:00:33	27	993	552	2	8.29	10.14	10.31	10.41	12	24.87	25.39	27.75	30.14	28.63
 7/24/2012	 13:01:07	27.1	983	553	2	8.05	9.7	9.67	9.63	12.03	24.73	25.28	28.59	30.66	28.87
 7/24/2012	 13:01:45	27.1	993	554	2	8.38	9.37	8.97	8.87	12.29	26.99	26.55	29.61	31.94	30.05
 7/24/2012	 13:02:16	27.1	980	555	2	7.33	8.62	8.79	8.92	10.52	25.91	26.39	29.16	31.45	29.87
 7/24/2012	 13:02:46	27.1	959	556	2	9.02	11.8	11.97	12.04	14.46	25.57	25.96	29	31.51	30.02
END															
 															
